0
0
0
0
0
0
0
0
0
0
1e-07
9.6812e-08
9.3539e-08
9.0189e-08
8.6769e-08
8.329e-08
7.9759e-08
7.6184e-08
7.2574e-08
6.8936e-08
6.5278e-08
6.1607e-08
5.7931e-08
5.4256e-08
5.059e-08
4.6939e-08
4.331e-08
3.9708e-08
3.614e-08
3.2611e-08
2.9127e-08
2.5693e-08
2.2313e-08
1.8994e-08
1.5738e-08
1.255e-08
9.4345e-09
6.3947e-09
3.4341e-09
5.5591e-10
-2.237e-09
-4.9419e-09
-7.5564e-09
-1.0078e-08
-1.2506e-08
-1.4837e-08
-1.707e-08
-1.9204e-08
-2.1239e-08
-2.3172e-08
-2.5004e-08
-2.6734e-08
-2.8362e-08
-2.9889e-08
-3.1313e-08
-3.2636e-08
-3.3858e-08
-3.4979e-08
-3.6002e-08
-3.6926e-08
-3.7754e-08
-3.8486e-08
-3.9123e-08
-3.9668e-08
-4.0123e-08
-4.0489e-08
-4.0767e-08
-4.0961e-08
-4.1072e-08
-4.1103e-08
-4.1056e-08
-4.0934e-08
-4.0738e-08
-4.0472e-08
-4.0138e-08
-3.9738e-08
-3.9277e-08
-3.8755e-08
-3.8176e-08
-3.7543e-08
-3.6859e-08
-3.6126e-08
-3.5348e-08
-3.4526e-08
-3.3664e-08
-3.2766e-08
-3.1832e-08
-3.1882e-08
-3.1931e-08
-3.1981e-08
-3.203e-08
-3.208e-08
-3.213e-08
-3.2179e-08
-3.2229e-08
-3.2278e-08
-3.2328e-08
-3.2378e-08
-3.2427e-08
-3.2477e-08
-3.2526e-08
-3.2576e-08
-3.2626e-08
-3.2675e-08
-3.2725e-08
-3.2774e-08
-3.2824e-08
-3.2874e-08
-3.2923e-08
-3.2973e-08
-3.3022e-08
-3.3072e-08
-3.3121e-08
-3.3171e-08
-3.3221e-08
-3.327e-08
-3.332e-08
-3.3369e-08
-3.3419e-08
-3.3469e-08
-3.3518e-08
-3.3568e-08
-3.3617e-08
-3.3667e-08
-3.3717e-08
-3.3766e-08
-3.3816e-08
-3.3865e-08
-3.3915e-08
-3.3965e-08
-3.4014e-08
-3.4064e-08
-3.4113e-08
-3.4163e-08
-3.4212e-08
-3.4262e-08
-3.4312e-08
-3.4361e-08
-3.4411e-08
-3.446e-08
-3.451e-08
-3.456e-08
-3.4609e-08
-3.4659e-08
-3.4708e-08
-3.4758e-08
-3.4808e-08
-3.4857e-08
-3.4907e-08
-3.4956e-08
-3.5006e-08
-3.5056e-08
-3.5105e-08
-3.5155e-08
-3.5204e-08
-3.5254e-08
-3.5303e-08
-3.5353e-08
-3.5403e-08
-3.5452e-08
-3.5502e-08
-3.5551e-08
-3.5601e-08
-3.5651e-08
-3.57e-08
-3.575e-08
-3.5799e-08
-3.5849e-08
-3.5899e-08
-3.5948e-08
-3.5998e-08
-3.6047e-08
-3.6097e-08
-3.6147e-08
-3.6196e-08
-3.6246e-08
-3.6295e-08
-3.6345e-08
-3.6394e-08
-3.6444e-08
-3.6494e-08
-3.6543e-08
-3.6593e-08
-3.6642e-08
-3.6692e-08
-3.6742e-08
-3.6791e-08
-3.6841e-08
-3.689e-08
-3.694e-08
-3.699e-08
-3.7039e-08
-3.7089e-08
-3.7138e-08
-3.7188e-08
-3.7238e-08
-3.7287e-08
-3.7337e-08
-3.7386e-08
-3.7436e-08
